0.13518853601214711
0.13518853601214711
0.012478941785736658
0.012478941785736658
0.012478941785736658
0.012478941785736658
0.012478941785736658
0.012478941785736658
0.012478941785736658
0.012478941785736658
0.05199559077390274
0.056155238035814965
0.056155238035814965
0.056155238035814965
0.05407541440485886
0.047835943511990525
0.05823506166677107
0.05407541440485886
0.05823506166677107
0.05823506166677107
0.05823506166677107
0.05823506166677107
0.05823506166677107
0.060314885297727175
0.060314885297727175
0.06239470892868329
0.060314885297727175
0.05823506166677107
0.056155238035814965
0.05823506166677107
0.056155238035814965
0.056155238035814965
0.05823506166677107
0.056155238035814965
0.056155238035814965
0.056155238035814965
0.05823506166677107
0.056155238035814965
0.05823506166677107
0.05407541440485886
0.056155238035814965
0.056155238035814965
0.056155238035814965
0.056155238035814965
0.056155238035814965
0.05823506166677107
0.056155238035814965
0.05407541440485886
0.05407541440485886
0.056155238035814965
0.05407541440485886
0.056155238035814965
0.056155238035814965
0.056155238035814965
0.056155238035814965
0.05407541440485886
0.056155238035814965
0.056155238035814965
0.056155238035814965
0.056155238035814965
0.056155238035814965
0.056155238035814965
0.056155238035814965
0.05823506166677107
0.05407541440485886
0.056155238035814965
0.056155238035814965
0.056155238035814965
0.056155238035814965
0.056155238035814965
0.05823506166677107
0.056155238035814965
0.05823506166677107
0.05823506166677107
0.05407541440485886
0.05823506166677107
0.056155238035814965
0.05407541440485886
0.056155238035814965
0.05823506166677107
0.05823506166677107
0.056155238035814965
0.056155238035814965
0.056155238035814965
0.056155238035814965
0.05823506166677107
0.05823506166677107
0.05823506166677107
0.05823506166677107
0.056155238035814965
0.056155238035814965
0.05823506166677107
0.056155238035814965
0.056155238035814965
0.056155238035814965
0.05823506166677107
0.056155238035814965
0.056155238035814965
0.056155238035814965
0.056155238035814965
0.05823506166677107
0.056155238035814965
0.056155238035814965
0.05823506166677107
0.056155238035814965
0.056155238035814965
0.056155238035814965
0.056155238035814965
0.05823506166677107
0.056155238035814965
0.05823506166677107
0.05823506166677107
0.056155238035814965
0.05823506166677107
0.056155238035814965
0.05823506166677107
0.05407541440485886
0.05823506166677107
0.056155238035814965
0.05823506166677107
0.05823506166677107
0.05823506166677107
0.056155238035814965
0.05823506166677107
0.05823506166677107
0.056155238035814965
0.056155238035814965
0.056155238035814965
0.056155238035814965
0.056155238035814965
0.05823506166677107
0.056155238035814965
0.056155238035814965
0.05823506166677107
0.056155238035814965
0.056155238035814965
0.056155238035814965
0.05823506166677107
0.056155238035814965
0.056155238035814965
0.056155238035814965
0.05823506166677107
0.056155238035814965
0.05823506166677107
0.056155238035814965
0.056155238035814965
0.05823506166677107
0.05823506166677107
0.056155238035814965
0.056155238035814965
0.05823506166677107
0.060314885297727175
0.05823506166677107
0.05823506166677107
0.05823506166677107
0.056155238035814965
0.056155238035814965
0.056155238035814965
0.056155238035814965
0.05823506166677107
0.056155238035814965
0.056155238035814965
0.056155238035814965
0.05823506166677107
0.056155238035814965
0.056155238035814965
0.05199559077390274
0.056155238035814965
0.056155238035814965
0.056155238035814965
0.056155238035814965
0.056155238035814965
0.056155238035814965
0.05823506166677107
0.056155238035814965
0.056155238035814965
0.05407541440485886
0.056155238035814965
0.056155238035814965
0.056155238035814965
0.056155238035814965
0.05407541440485886
0.05199559077390274
0.056155238035814965
0.05823506166677107
0.05407541440485886
0.056155238035814965
0.05823506166677107
0.016638589047648877
0.016638589047648877
0.008319294523824438
0.008319294523824438
0.008319294523824438
0.008319294523824438
0.008319294523824438
0.008319294523824438
0.008319294523824438
0.010399118154780548
0.008319294523824438
0.008319294523824438
0.006239470892868329
0.006239470892868329
0.008319294523824438
0.006239470892868329
0.006239470892868329
0.006239470892868329
0.008319294523824438
0.008319294523824438
0.008319294523824438
0.008319294523824438
0.008319294523824438
0.008319294523824438
0.006239470892868329
0.010399118154780548
0.006239470892868329
0.008319294523824438
0.006239470892868329
0.008319294523824438
0.006239470892868329
0.012478941785736658
0.008319294523824438
0.008319294523824438
0.008319294523824438
0.008319294523824438
0.008319294523824438
0.008319294523824438
0.008319294523824438
0.008319294523824438
0.008319294523824438
0.006239470892868329
0.008319294523824438
0.010399118154780548
0.008319294523824438
0.006239470892868329
0.008319294523824438
0.008319294523824438
0.008319294523824438
0.006239470892868329
0.008319294523824438
0.012478941785736658
0.008319294523824438
0.008319294523824438
0.008319294523824438
0.008319294523824438
0.010399118154780548
0.010399118154780548
0.008319294523824438
0.006239470892868329
0.008319294523824438
0.006239470892868329
0.008319294523824438
0.008319294523824438
0.008319294523824438
0.008319294523824438
0.006239470892868329
0.008319294523824438
0.008319294523824438
0.006239470892868329
0.006239470892868329
0.008319294523824438
0.010399118154780548
0.008319294523824438
0.008319294523824438
0.008319294523824438
0.008319294523824438
0.008319294523824438
0.008319294523824438
0.008319294523824438
0.008319294523824438
0.010399118154780548
0.010399118154780548
0.008319294523824438
0.012478941785736658
0.010399118154780548
0.008319294523824438
0.008319294523824438
0.006239470892868329
0.008319294523824438
0.008319294523824438
0.008319294523824438
0.012478941785736658
0.008319294523824438
0.008319294523824438
0.008319294523824438
0.008319294523824438
0.008319294523824438
0.006239470892868329
0.008319294523824438
0.008319294523824438
0.008319294523824438
0.008319294523824438
0.010399118154780548
0.008319294523824438
0.010399118154780548
0.008319294523824438
0.008319294523824438
0.010399118154780548
0.006239470892868329
0.010399118154780548
0.010399118154780548
0.008319294523824438
0.008319294523824438
0.008319294523824438
0.006239470892868329
0.006239470892868329
0.008319294523824438
0.008319294523824438
0.008319294523824438
0.008319294523824438
0.008319294523824438
0.004159647261912219
0.006239470892868329
0.006239470892868329
0.004159647261912219
0.006239470892868329
0.006239470892868329
0.006239470892868329
0.008319294523824438
0.008319294523824438
0.006239470892868329
0.008319294523824438
0.008319294523824438
0.004159647261912219
0.004159647261912219
0.004159647261912219
0.006239470892868329
0.006239470892868329
0.006239470892868329
0.004159647261912219
0.006239470892868329
0.004159647261912219
0.006239470892868329
0.006239470892868329
0.006239470892868329
0.004159647261912219
0.006239470892868329
0.008319294523824438
0.006239470892868329
0.004159647261912219
0.006239470892868329
0.006239470892868329
0.004159647261912219
0.008319294523824438
0.006239470892868329
0.006239470892868329
0.006239470892868329
0.004159647261912219
0.006239470892868329
0.006239470892868329
0.004159647261912219
0.008319294523824438
0.006239470892868329
0.008319294523824438
0.006239470892868329
0.006239470892868329
0.008319294523824438
0.004159647261912219
0.006239470892868329
0.006239470892868329
0.006239470892868329
0.006239470892868329
0.006239470892868329
0.004159647261912219
0.006239470892868329
0.006239470892868329
0.006239470892868329
0.006239470892868329
0.006239470892868329
0.006239470892868329
0.006239470892868329
0.008319294523824438
0.006239470892868329
0.006239470892868329
0.006239470892868329
0.006239470892868329
0.006239470892868329
0.006239470892868329
0.006239470892868329
0.006239470892868329
0.006239470892868329
0.006239470892868329
0.006239470892868329
0.006239470892868329
0.006239470892868329
0.006239470892868329
0.006239470892868329
0.006239470892868329
0.006239470892868329
0.006239470892868329
0.004159647261912219
0.006239470892868329
0.006239470892868329
0.006239470892868329
0.006239470892868329
0.0
0.0020798236309561096
0.0020798236309561096
0.0020798236309561096
0.0020798236309561096
0.0020798236309561096
0.0
0.0020798236309561096
0.0
0.0020798236309561096
0.0020798236309561096
0.0020798236309561096
0.0020798236309561096
0.0020798236309561096
0.0020798236309561096
0.0020798236309561096
0.0020798236309561096
0.0
0.0
0.0
0.0
0.0
0.0020798236309561096
0.0020798236309561096
0.0020798236309561096
0.0020798236309561096
0.0
0.0
0.0020798236309561096
0.0020798236309561096
0.0020798236309561096
0.0
0.0
0.0
0.0
0.0020798236309561096
0.0
0.0020798236309561096
0.0
0.0020798236309561096
0.0
0.004159647261912219
0.0020798236309561096
0.0
0.0020798236309561096
0.0020798236309561096
0.0020798236309561096
0.0
0.0020798236309561096
0.0
0.0
0.0020798236309561096
0.0
0.0
0.0020798236309561096
0.0
0.0020798236309561096
0.0
0.0020798236309561096
0.0
0.0020798236309561096
0.0
0.0020798236309561096
0.0020798236309561096
0.0020798236309561096
0.0
0.0020798236309561096
0.0020798236309561096
0.0020798236309561096
0.0020798236309561096
0.0
0.0020798236309561096
0.0
0.0020798236309561096
0.0020798236309561096
0.0
0.0020798236309561096
0.0020798236309561096
0.0
0.0
0.0
0.0020798236309561096
0.0020798236309561096
0.0
0.0
0.0020798236309561096
0.0020798236309561096
0.0020798236309561096
0.0
0.0020798236309561096
0.0020798236309561096
0.0020798236309561096
0.0020798236309561096
0.0020798236309561096
0.0
0.0
0.0020798236309561096
0.0020798236309561096
0.0
0.004159647261912219
0.0020798236309561096
0.0020798236309561096
0.0
0.0020798236309561096
0.0020798236309561096
0.0020798236309561096
0.0
0.0020798236309561096
0.004159647261912219
0.0020798236309561096
0.0020798236309561096
0.0020798236309561096
0.0
0.0
0.0020798236309561096
0.0
0.0
0.0020798236309561096
0.0020798236309561096
0.0020798236309561096
0.0020798236309561096
0.004159647261912219
0.0020798236309561096
0.0020798236309561096
0.0
0.0
0.0020798236309561096
0.0
0.0020798236309561096
0.0020798236309561096
0.0020798236309561096
0.0020798236309561096
0.0020798236309561096
0.0
0.0
0.0020798236309561096
0.0
0.0020798236309561096
0.0
0.0
0.0020798236309561096
0.0
0.0020798236309561096
0.0020798236309561096
0.0020798236309561096
0.0
0.0
0.0
0.0020798236309561096
0.0020798236309561096
0.0
0.0
0.0
0.0020798236309561096
0.0020798236309561096
0.0
0.0020798236309561096
0.0020798236309561096
0.0020798236309561096
0.0
0.0020798236309561096
0.0
0.0020798236309561096
0.0
0.0020798236309561096
0.0020798236309561096
0.0
0.0
0.0020798236309561096
0.0020798236309561096
0.0020798236309561096
0.0020798236309561096
0.0020798236309561096
0.0
0.0020798236309561096
0.0020798236309561096
0.0020798236309561096
0.0
0.0020798236309561096
0.0020798236309561096
0.0
0.0020798236309561096
0.0020798236309561096
0.0
0.0
0.0
0.0020798236309561096
0.0
0.0020798236309561096
0.0020798236309561096
0.0
0.0
0.0020798236309561096
0.0020798236309561096
0.0
0.0
0.0020798236309561096
0.0
0.0020798236309561096
0.0
0.0020798236309561096
0.0
0.0
0.0020798236309561096
0.0020798236309561096
0.0
0.0020798236309561096
0.0
0.0
0.0020798236309561096
0.0
0.004159647261912219
0.0020798236309561096
0.0020798236309561096
0.0020798236309561096
0.0
0.0
0.0
0.0
0.0
0.0020798236309561096
0.0020798236309561096
0.0020798236309561096
0.0020798236309561096
0.0
0.0
0.0
0.0
0.0
0.0020798236309561096
0.0020798236309561096
0.0
0.0020798236309561096
0.0
0.0
0.004159647261912219
0.0020798236309561096
0.004159647261912219
0.0
0.0020798236309561096
0.0
0.0
0.0020798236309561096
0.0
0.0020798236309561096
0.0
0.0
0.0020798236309561096
0.0020798236309561096
0.0020798236309561096
0.0020798236309561096
0.0
0.0020798236309561096
0.0020798236309561096
0.0
0.0
0.0020798236309561096
0.0020798236309561096
0.0
0.0020798236309561096
0.0
0.0020798236309561096
0.0
0.0020798236309561096
0.004159647261912219
0.0
0.0020798236309561096
0.0020798236309561096
0.0020798236309561096
0.0020798236309561096
0.0
0.0
0.0020798236309561096
0.0
0.0
0.0
0.0
0.0
0.0020798236309561096
0.0020798236309561096
0.0020798236309561096
0.0020798236309561096
0.0
0.0020798236309561096
0.0020798236309561096
0.0
0.0020798236309561096
0.0020798236309561096
0.0020798236309561096
0.0020798236309561096
0.0
0.0020798236309561096
0.0020798236309561096
0.0020798236309561096
0.0
0.0020798236309561096
0.0020798236309561096
0.0020798236309561096
0.0
0.0020798236309561096
0.0020798236309561096
0.0020798236309561096
0.0
0.0
0.0
0.0020798236309561096
0.0020798236309561096
0.0
0.0
0.0020798236309561096
0.0
0.0
0.0020798236309561096
0.0
0.0
0.0
0.0020798236309561096
0.0020798236309561096
0.0020798236309561096
0.0
0.0
0.0020798236309561096
0.0
0.0020798236309561096
0.0
0.0
0.0
0.0
0.0020798236309561096
0.004159647261912219
0.0
0.0
0.0
0.0
0.0
0.0020798236309561096
0.0020798236309561096
0.0
0.0
0.0020798236309561096
0.0020798236309561096
0.004159647261912219
0.0020798236309561096
0.0020798236309561096
0.0
0.0
0.0
0.0
0.0020798236309561096
0.0020798236309561096
0.0
0.0
0.0020798236309561096
0.0020798236309561096
0.0
0.0
0.0
0.0020798236309561096
0.0020798236309561096
0.0020798236309561096
0.0
0.0020798236309561096
0.0020798236309561096
0.0
0.0
0.0
0.0
0.0020798236309561096
0.0
0.0020798236309561096
0.0
0.0
0.0
0.0
0.0
0.0020798236309561096
0.0
0.0
0.0
0.0
0.0
0.0020798236309561096
0.0
0.0
0.0
0.0020798236309561096
0.0
0.0020798236309561096
0.0020798236309561096
0.0020798236309561096
0.0020798236309561096
0.0
0.0020798236309561096
0.0020798236309561096
0.0
0.0
0.0
0.0020798236309561096
0.0
0.0020798236309561096
0.0020798236309561096
0.0
0.0
0.0020798236309561096
0.0020798236309561096
0.0020798236309561096
0.0
0.0020798236309561096
0.0020798236309561096
0.0020798236309561096
0.0020798236309561096
0.0020798236309561096
0.0
0.0020798236309561096
0.0
0.0020798236309561096
0.0
0.0
0.0
0.0
0.0020798236309561096
0.0020798236309561096
0.0
0.0
0.0
0.0020798236309561096
0.0
0.0020798236309561096
0.0020798236309561096
0.0020798236309561096
0.0
0.0020798236309561096
0.0
0.0020798236309561096
0.0
0.0020798236309561096
0.0020798236309561096
0.0
0.0020798236309561096
0.0
0.0
0.0020798236309561096
0.0
0.0020798236309561096
0.0020798236309561096
0.0020798236309561096
0.0
0.0
0.0
0.0020798236309561096
0.0
0.0020798236309561096
0.0020798236309561096
0.0020798236309561096
0.0
0.0020798236309561096
0.0
0.0020798236309561096
0.0
0.0020798236309561096
0.004159647261912219
0.0020798236309561096
0.0
0.0020798236309561096
0.0
0.0020798236309561096
0.0020798236309561096
0.0
0.0020798236309561096
0.0020798236309561096
0.0020798236309561096
0.0
0.0020798236309561096
0.0
0.0
0.0
0.0020798236309561096
0.0020798236309561096
0.0020798236309561096
0.0
0.004159647261912219
0.0
0.0
0.0020798236309561096
0.0
0.0
0.0
0.0
0.0020798236309561096
0.0020798236309561096
0.0
0.0020798236309561096
0.0020798236309561096
0.004159647261912219
0.0
0.0
0.0020798236309561096
0.0020798236309561096
0.0020798236309561096
0.0020798236309561096
0.0020798236309561096
0.0
0.0
0.0
0.0020798236309561096
0.0
0.0
0.0020798236309561096
0.004159647261912219
0.0020798236309561096
0.0020798236309561096
0.0020798236309561096
0.0020798236309561096
0.0
0.0020798236309561096
0.0020798236309561096
0.0020798236309561096
0.0
0.0
0.0020798236309561096
0.0020798236309561096
0.0
0.0020798236309561096
0.0
0.0020798236309561096
0.0020798236309561096
0.0
0.0
0.0020798236309561096
0.0
0.0020798236309561096
0.0020798236309561096
0.0
0.0020798236309561096
0.0
0.0
0.0020798236309561096
0.0
0.0
0.0020798236309561096
0.0
0.0
0.0020798236309561096
0.0
0.0
0.0020798236309561096
0.0
0.0
0.0
0.0020798236309561096
0.0020798236309561096
0.0
0.0020798236309561096
0.0020798236309561096
0.0020798236309561096
0.0
0.0020798236309561096
0.0
0.0
0.0020798236309561096
0.0
0.0
0.0
0.0020798236309561096
0.0
0.0020798236309561096
0.0
0.0020798236309561096
0.0020798236309561096
0.0
0.0020798236309561096
0.0020798236309561096
0.0
0.0020798236309561096
0.0020798236309561096
0.0020798236309561096
0.0
0.0
0.0020798236309561096
0.0020798236309561096
0.0020798236309561096
0.0
0.0
0.0
0.0020798236309561096
0.0
0.0020798236309561096
0.0020798236309561096
0.0
0.0
0.0020798236309561096
0.0
0.0020798236309561096
0.0020798236309561096
0.0
0.0
0.0020798236309561096
0.0
0.0
0.0020798236309561096
0.0020798236309561096
0.0
0.0020798236309561096
0.0020798236309561096
0.0
0.0020798236309561096
0.0020798236309561096
0.0
0.0
0.0
0.0020798236309561096
0.0
0.0020798236309561096
0.0020798236309561096
0.0020798236309561096
0.0020798236309561096
0.0020798236309561096
0.0020798236309561096
0.0
0.0020798236309561096
0.0
0.0
0.0020798236309561096
0.0
0.0
0.004159647261912219
0.0020798236309561096
0.0020798236309561096
0.0
0.0
0.0020798236309561096
0.0020798236309561096
0.0020798236309561096
0.0020798236309561096
0.0
0.0
0.0
0.0
0.0020798236309561096
0.0020798236309561096
0.0020798236309561096
0.0020798236309561096
0.0020798236309561096
0.0020798236309561096
0.0
0.0020798236309561096
0.0020798236309561096
0.0020798236309561096
0.0020798236309561096
0.0
0.0020798236309561096
0.0
0.0
0.0020798236309561096
0.0020798236309561096
0.0020798236309561096
0.0
0.0020798236309561096
0.0
0.0
0.0020798236309561096
0.0020798236309561096
0.0
0.0020798236309561096
0.0020798236309561096
0.0
0.0
0.0
0.0020798236309561096
0.0
0.0020798236309561096
0.0020798236309561096
0.0020798236309561096
0.0020798236309561096
0.0
0.0020798236309561096
0.0
0.0
0.0020798236309561096
0.0020798236309561096
0.0020798236309561096
0.0
0.0
0.0
0.0020798236309561096
0.0020798236309561096
0.0020798236309561096
0.0020798236309561096
0.0
0.0
0.0
0.0
0.0020798236309561096
0.0
0.0020798236309561096
0.0
0.0
0.0
0.0020798236309561096
0.0020798236309561096
0.0020798236309561096
0.0020798236309561096
0.0020798236309561096
0.0
0.0020798236309561096
0.0
0.0020798236309561096
0.0020798236309561096
0.0
0.0020798236309561096
0.0
0.0
0.0020798236309561096
0.0020798236309561096
0.0020798236309561096
0.0020798236309561096
0.0
0.0
0.0
0.0
0.0020798236309561096
0.0020798236309561096
0.0
0.0020798236309561096
0.0020798236309561096
0.0020798236309561096
0.0
0.0020798236309561096
0.0020798236309561096
0.0
0.0
0.0
0.0020798236309561096
0.0
0.0020798236309561096
0.0020798236309561096
0.0020798236309561096
0.0020798236309561096
0.0020798236309561096
0.0
0.0020798236309561096
0.0
0.0020798236309561096
0.0020798236309561096
0.0020798236309561096
0.0020798236309561096
0.0020798236309561096
0.0
0.0020798236309561096
0.0
0.0020798236309561096
0.0020798236309561096
0.0020798236309561096
0.0
0.0020798236309561096
0.0020798236309561096
0.0020798236309561096
0.0
0.0
0.0020798236309561096
0.0020798236309561096
0.0020798236309561096
0.0020798236309561096
0.0
0.0020798236309561096
0.0
0.0020798236309561096
0.0020798236309561096
0.0
0.0020798236309561096
0.0020798236309561096
0.0
0.0020798236309561096
0.0020798236309561096
0.0
0.0020798236309561096
0.0
0.0
0.0
0.0020798236309561096
0.0020798236309561096
0.0
0.0020798236309561096
0.0020798236309561096
0.0020798236309561096
0.0020798236309561096
0.0020798236309561096
0.0
0.0
0.0020798236309561096
0.0020798236309561096
0.0020798236309561096
0.0020798236309561096
0.0020798236309561096
0.0
0.0
0.0020798236309561096
0.0
0.0020798236309561096
0.0020798236309561096
0.0020798236309561096
0.0020798236309561096
0.0020798236309561096
0.0
0.0
0.0020798236309561096
0.0020798236309561096
0.0
0.0020798236309561096
0.0020798236309561096
0.0020798236309561096
0.0020798236309561096
0.0020798236309561096
0.0
0.0020798236309561096
0.0020798236309561096
0.0020798236309561096
0.0020798236309561096
0.0020798236309561096
0.0020798236309561096
0.0020798236309561096
0.0020798236309561096
0.0020798236309561096
0.0020798236309561096
0.0020798236309561096
0.004159647261912219
0.004159647261912219
0.0020798236309561096
0.0020798236309561096
0.0020798236309561096
0.0020798236309561096
0.0020798236309561096
0.0020798236309561096
0.0020798236309561096
0.004159647261912219
0.004159647261912219
0.004159647261912219
0.004159647261912219
0.0020798236309561096
0.004159647261912219
0.004159647261912219
0.0020798236309561096
0.004159647261912219
0.004159647261912219
0.004159647261912219
0.004159647261912219
0.004159647261912219
0.004159647261912219
0.004159647261912219
0.004159647261912219
0.004159647261912219
0.006239470892868329
0.006239470892868329
0.004159647261912219
0.006239470892868329
0.004159647261912219
0.006239470892868329
0.006239470892868329
0.006239470892868329
0.008319294523824438
0.006239470892868329
0.006239470892868329
0.006239470892868329
0.008319294523824438
0.006239470892868329
0.008319294523824438
0.008319294523824438
0.006239470892868329
0.008319294523824438
0.008319294523824438
0.010399118154780548
0.008319294523824438
0.008319294523824438
0.008319294523824438
0.008319294523824438
0.008319294523824438
0.008319294523824438
0.008319294523824438
0.008319294523824438
0.010399118154780548
0.010399118154780548
0.010399118154780548
0.008319294523824438
0.010399118154780548
0.012478941785736658
0.010399118154780548
0.010399118154780548
0.012478941785736658
0.012478941785736658
0.014558765416692767
0.010399118154780548
0.010399118154780548
0.016638589047648877
0.010399118154780548
0.014558765416692767
0.016638589047648877
0.01871841267860499
0.016638589047648877
0.014558765416692767
0.01871841267860499
0.01871841267860499
0.01871841267860499
0.016638589047648877
0.01871841267860499
0.02287805994051721
0.02287805994051721
0.020798236309561097
0.020798236309561097
0.020798236309561097
0.02287805994051721
0.024957883571473317
0.024957883571473317
0.02287805994051721
0.024957883571473317
0.024957883571473317
0.024957883571473317
0.02703770720242943
0.02703770720242943
0.02703770720242943
0.02703770720242943
0.031197354464341645
0.029117530833385533
0.02703770720242943
0.029117530833385533
0.031197354464341645
0.031197354464341645
0.031197354464341645
0.03327717809529775
0.03535700172625386
0.039516648988166085
0.03743682535720998
0.03743682535720998
0.039516648988166085
0.0436762962500783
0.04159647261912219
0.0436762962500783
0.039516648988166085
0.04575611988103442
0.04575611988103442
0.04575611988103442
0.047835943511990525
0.04159647261912219
0.0436762962500783
0.04159647261912219
0.0436762962500783
0.047835943511990525
0.047835943511990525
0.047835943511990525
0.049915767142946633
0.047835943511990525
0.049915767142946633
0.05199559077390274
0.05199559077390274
0.05199559077390274
0.05407541440485886
0.056155238035814965
0.05407541440485886
0.05199559077390274
0.056155238035814965
0.056155238035814965
0.056155238035814965
0.060314885297727175
0.06239470892868329
0.06239470892868329
0.0665543561905955
0.06863417982155162
0.06863417982155162
0.07071400345250772
0.07071400345250772
0.07071400345250772
0.07487365071441995
0.07071400345250772
0.0665543561905955
0.06863417982155162
0.06863417982155162
0.06863417982155162
0.06863417982155162
0.06863417982155162
0.07071400345250772
0.06863417982155162
0.07071400345250772
0.07903329797633217
0.07903329797633217
0.08319294523824439
0.07903329797633217
0.08111312160728827
0.08319294523824439
0.08527276886920049
0.08111312160728827
0.08319294523824439
0.0873525925001566
0.0873525925001566
0.0894324161311127
0.0894324161311127
0.09359206339302494
0.09151223976206883
0.09151223976206883
0.09151223976206883
0.09359206339302494
0.09151223976206883
0.09151223976206883
0.09151223976206883
0.09151223976206883
0.09359206339302494
0.09359206339302494
0.09359206339302494
0.09359206339302494
0.09151223976206883
0.09359206339302494
0.09151223976206883
0.09359206339302494
0.09775171065493715
0.09567188702398105
0.09567188702398105
0.0894324161311127
0.09359206339302494
0.09983153428589327
0.09775171065493715
0.09983153428589327
0.09567188702398105
0.09983153428589327
0.10191135791684937
0.09775171065493715
0.09983153428589327
0.09359206339302494
0.09775171065493715
0.09359206339302494
0.09567188702398105
0.09567188702398105
0.09775171065493715
0.0894324161311127
0.09567188702398105
0.09151223976206883
0.09359206339302494
0.09567188702398105
0.0873525925001566
0.0894324161311127
0.09359206339302494
0.09359206339302494
0.0873525925001566
0.0894324161311127
0.09151223976206883
0.09359206339302494
0.09359206339302494
0.09567188702398105
0.09567188702398105
0.09567188702398105
0.09775171065493715
0.09775171065493715
0.10399118154780548
0.10191135791684937
0.10191135791684937
0.10191135791684937
0.10399118154780548
0.09983153428589327
0.09983153428589327
0.09983153428589327
0.10191135791684937
0.09983153428589327
0.09983153428589327
0.09983153428589327
0.10191135791684937
0.10191135791684937
0.10399118154780548
0.10399118154780548
0.10399118154780548
0.10607100517876158
0.10399118154780548
0.10399118154780548
0.10399118154780548
0.10815082880971771
0.10815082880971771
0.11023065244067382
0.10815082880971771
0.10607100517876158
0.10607100517876158
0.10607100517876158
0.10815082880971771
0.10815082880971771
0.10607100517876158
0.10815082880971771
0.10607100517876158
0.10815082880971771
0.10815082880971771
0.10607100517876158
0.10607100517876158
0.10815082880971771
0.11023065244067382
0.11023065244067382
0.11023065244067382
0.11231047607162993
0.11439029970258603
0.11231047607162993
0.11647012333354213
0.11439029970258603
0.11854994696449825
0.1310288887502349
0.14766747779788378
0.12270959422641046
0.12478941785736658
0.1310288887502349
0.1497473014288399
0.15598677232170824
0.15390694869075214
0.14558765416692768
0.1310288887502349
0.12478941785736658
0.1310288887502349
0.133108712381191
0.13518853601214711
0.15390694869075214
0.1497473014288399
0.16222624321457654
0.16430606684553267
0.16430606684553267
0.16846571410744487
0.16638589047648877
0.16638589047648877
0.17054553773840098
0.16846571410744487
0.1726253613693571
0.17054553773840098
0.1726253613693571
0.1726253613693571
0.1767850086312693
0.1767850086312693
0.1767850086312693
0.1767850086312693
0.1767850086312693
0.1726253613693571
0.15390694869075214
0.14766747779788378
0.14142800690501545
0.14350783053597155
0.14766747779788378
0.14142800690501545
0.15390694869075214
0.16014641958362044
0.16846571410744487
0.1788648322622254
0.1788648322622254
0.1767850086312693
0.1788648322622254
0.1788648322622254
0.1788648322622254
0.18302447952413767
0.1788648322622254
0.18302447952413767
0.18094465589318154
0.18094465589318154
0.18302447952413767
0.1788648322622254
0.18094465589318154
0.18094465589318154
0.18302447952413767
0.1726253613693571
0.1788648322622254
0.18510430315509377
0.18302447952413767
0.189263950417006
0.18510430315509377
0.18302447952413767
0.18510430315509377
0.18718412678604987
0.18718412678604987
0.18094465589318154
0.189263950417006
0.1788648322622254
0.18718412678604987
0.18510430315509377
0.189263950417006
0.18718412678604987
0.1913437740479621
0.18718412678604987
0.189263950417006
0.18510430315509377
0.189263950417006
0.1913437740479621
0.18510430315509377
0.18510430315509377
0.18718412678604987
0.18718412678604987
0.18302447952413767
0.18302447952413767
0.18510430315509377
0.18510430315509377
0.18510430315509377
0.1913437740479621
0.189263950417006
0.1913437740479621
0.1934235976789182
0.1913437740479621
0.1913437740479621
0.1955034213098743
0.1934235976789182
0.1934235976789182
0.1934235976789182
0.1955034213098743
0.1934235976789182
0.1955034213098743
0.1975832449408304
0.1955034213098743
0.1975832449408304
0.1934235976789182
0.1955034213098743
0.1955034213098743
0.1975832449408304
0.1975832449408304
0.1955034213098743
0.1934235976789182
0.1975832449408304
0.1955034213098743
0.1955034213098743
0.1975832449408304
0.20174289220274264
0.19966306857178653
0.19966306857178653
0.1975832449408304
0.19966306857178653
0.20174289220274264
0.20174289220274264
0.19966306857178653
0.1975832449408304
0.20174289220274264
0.19966306857178653
0.20174289220274264
0.20382271583369874
0.20590253946465484
0.21214201035752317
0.20590253946465484
0.20798236309561097
0.21006218672656707
0.20590253946465484
0.20798236309561097
0.20382271583369874
0.20382271583369874
0.20798236309561097
0.20382271583369874
0.20798236309561097
0.21214201035752317
0.21006218672656707
0.21422183398847927
0.21422183398847927
0.21422183398847927
0.21214201035752317
0.21422183398847927
0.21214201035752317
0.21422183398847927
0.21422183398847927
0.21422183398847927
0.21214201035752317
0.20590253946465484
0.21630165761943543
0.21422183398847927
0.21630165761943543
0.19966306857178653
0.21214201035752317
0.20798236309561097
0.21006218672656707
0.20590253946465484
0.21214201035752317
0.20798236309561097
0.21006218672656707
0.21006218672656707
0.21214201035752317
0.1934235976789182
0.1955034213098743
0.1975832449408304
0.18718412678604987
0.18718412678604987
0.189263950417006
0.1913437740479621
0.1975832449408304
0.20174289220274264
0.21006218672656707
0.21214201035752317
0.21214201035752317
0.21214201035752317
0.20590253946465484
0.21214201035752317
0.21214201035752317
0.21006218672656707
0.21214201035752317
0.21006218672656707
0.21422183398847927
0.21422183398847927
0.21422183398847927
0.21214201035752317
0.21422183398847927
0.21630165761943543
0.21838148125039153
0.22254112851230373
0.22046130488134763
0.22878059940517206
0.22670077577421596
0.1975832449408304
0.2350200702980404
0.23086042303612817
0.2370998939289965
0.22462095214325986
0.2370998939289965
0.24749901208377703
0.2558183066076015
0.25165865934568926
0.24957883571473316
0.25373848297664536
0.2391797175599526
0.25165865934568926
0.22462095214325986
0.21006218672656707
0.20382271583369874
0.20382271583369874
0.1975832449408304
0.20590253946465484
0.20590253946465484
0.22046130488134763
0.21838148125039153
0.21214201035752317
0.24957883571473316
0.21630165761943543
0.21422183398847927
0.20798236309561097
0.2578981302385576
0.23086042303612817
0.25165865934568926
0.2599779538695137
0.24749901208377703
0.266217424762382
0.2370998939289965
0.266217424762382
0.22670077577421596
0.24749901208377703
0.21838148125039153
0.266217424762382
0.266217424762382
0.2641376011314259
0.27037707202429423
0.2620577775004698
0.2620577775004698
0.2641376011314259
0.2599779538695137
0.2641376011314259
0.24541918845282093
0.2620577775004698
0.22254112851230373
0.25373848297664536
0.2578981302385576
0.2558183066076015
0.2620577775004698
0.2620577775004698
0.25165865934568926
0.21422183398847927
0.2578981302385576
0.2599779538695137
0.2412595411909087
0.22046130488134763
0.24749901208377703
0.1975832449408304
0.25165865934568926
0.24541918845282093
0.24541918845282093
0.24333936482186483
0.24333936482186483
0.21838148125039153
0.22254112851230373
0.20590253946465484
0.19966306857178653
0.1975832449408304
0.25165865934568926
0.2370998939289965
0.25165865934568926
0.24957883571473316
0.25165865934568926
0.24957883571473316
0.25373848297664536
0.2578981302385576
0.25373848297664536
0.25373848297664536
0.25165865934568926
0.24957883571473316
0.25165865934568926
0.24957883571473316
0.24749901208377703
0.24749901208377703
0.24957883571473316
0.24957883571473316
0.25165865934568926
0.25165865934568926
0.25373848297664536
0.2558183066076015
0.25165865934568926
0.2578981302385576
0.25373848297664536
0.24957883571473316
0.25373848297664536
0.24749901208377703
0.25165865934568926
0.24749901208377703
0.25165865934568926
0.25373848297664536
0.24957883571473316
0.25373848297664536
0.25373848297664536
0.24957883571473316
0.2558183066076015
0.2412595411909087
0.23086042303612817
0.22046130488134763
0.25373848297664536
0.24749901208377703
0.25165865934568926
0.25165865934568926
0.25165865934568926
0.25373848297664536
0.2578981302385576
0.2558183066076015
0.25165865934568926
0.25373848297664536
0.2558183066076015
0.2558183066076015
0.2558183066076015
0.25373848297664536
0.25373848297664536
0.2558183066076015
0.2558183066076015
0.2558183066076015
0.25373848297664536
0.2558183066076015
0.2558183066076015
0.24957883571473316
0.25373848297664536
0.25373848297664536
0.25373848297664536
0.25165865934568926
0.25165865934568926
0.25165865934568926
0.25373848297664536
0.25165865934568926
0.25373848297664536
0.2578981302385576
0.25373848297664536
0.2578981302385576
0.2578981302385576
0.25373848297664536
0.2558183066076015
0.2558183066076015
0.2558183066076015
0.2578981302385576
0.2578981302385576
0.2599779538695137
0.2599779538695137
0.2558183066076015
