0.13934818327405935
0.13934818327405935
0.012478941785736658
0.012478941785736658
0.012478941785736658
0.010399118154780548
0.010399118154780548
0.012478941785736658
0.012478941785736658
0.008319294523824438
0.056155238035814965
0.056155238035814965
0.05823506166677107
0.05823506166677107
0.04575611988103442
0.056155238035814965
0.05407541440485886
0.056155238035814965
0.056155238035814965
0.05823506166677107
0.05823506166677107
0.056155238035814965
0.05823506166677107
0.060314885297727175
0.060314885297727175
0.05823506166677107
0.060314885297727175
0.05823506166677107
0.056155238035814965
0.056155238035814965
0.056155238035814965
0.056155238035814965
0.056155238035814965
0.056155238035814965
0.056155238035814965
0.05823506166677107
0.056155238035814965
0.056155238035814965
0.056155238035814965
0.056155238035814965
0.056155238035814965
0.05407541440485886
0.056155238035814965
0.056155238035814965
0.056155238035814965
0.056155238035814965
0.056155238035814965
0.056155238035814965
0.05407541440485886
0.056155238035814965
0.05823506166677107
0.056155238035814965
0.056155238035814965
0.056155238035814965
0.05823506166677107
0.056155238035814965
0.056155238035814965
0.056155238035814965
0.056155238035814965
0.05823506166677107
0.056155238035814965
0.056155238035814965
0.056155238035814965
0.05823506166677107
0.056155238035814965
0.05823506166677107
0.05823506166677107
0.05823506166677107
0.05407541440485886
0.056155238035814965
0.056155238035814965
0.05823506166677107
0.056155238035814965
0.056155238035814965
0.05823506166677107
0.05407541440485886
0.056155238035814965
0.056155238035814965
0.05823506166677107
0.05823506166677107
0.05823506166677107
0.05823506166677107
0.05823506166677107
0.05823506166677107
0.056155238035814965
0.05823506166677107
0.05823506166677107
0.056155238035814965
0.056155238035814965
0.05407541440485886
0.056155238035814965
0.056155238035814965
0.05823506166677107
0.056155238035814965
0.05823506166677107
0.05823506166677107
0.05823506166677107
0.056155238035814965
0.056155238035814965
0.056155238035814965
0.056155238035814965
0.056155238035814965
0.060314885297727175
0.05823506166677107
0.05823506166677107
0.05823506166677107
0.05823506166677107
0.056155238035814965
0.05823506166677107
0.05823506166677107
0.056155238035814965
0.056155238035814965
0.056155238035814965
0.056155238035814965
0.056155238035814965
0.05823506166677107
0.060314885297727175
0.056155238035814965
0.056155238035814965
0.056155238035814965
0.056155238035814965
0.05823506166677107
0.05823506166677107
0.05823506166677107
0.056155238035814965
0.056155238035814965
0.056155238035814965
0.05823506166677107
0.05823506166677107
0.056155238035814965
0.05823506166677107
0.056155238035814965
0.05823506166677107
0.056155238035814965
0.056155238035814965
0.05407541440485886
0.056155238035814965
0.05823506166677107
0.060314885297727175
0.056155238035814965
0.05823506166677107
0.05823506166677107
0.056155238035814965
0.056155238035814965
0.056155238035814965
0.05823506166677107
0.05823506166677107
0.05823506166677107
0.056155238035814965
0.056155238035814965
0.05407541440485886
0.05407541440485886
0.05823506166677107
0.056155238035814965
0.05823506166677107
0.05823506166677107
0.05823506166677107
0.056155238035814965
0.05823506166677107
0.05823506166677107
0.056155238035814965
0.056155238035814965
0.056155238035814965
0.05823506166677107
0.056155238035814965
0.056155238035814965
0.05823506166677107
0.056155238035814965
0.056155238035814965
0.05823506166677107
0.05823506166677107
0.056155238035814965
0.056155238035814965
0.05823506166677107
0.056155238035814965
0.056155238035814965
0.05407541440485886
0.056155238035814965
0.05823506166677107
0.05823506166677107
0.056155238035814965
0.056155238035814965
0.056155238035814965
0.05823506166677107
0.060314885297727175
0.05823506166677107
0.056155238035814965
0.056155238035814965
0.01871841267860499
0.01871841267860499
0.006239470892868329
0.006239470892868329
0.006239470892868329
0.008319294523824438
0.008319294523824438
0.008319294523824438
0.006239470892868329
0.008319294523824438
0.010399118154780548
0.006239470892868329
0.008319294523824438
0.008319294523824438
0.008319294523824438
0.008319294523824438
0.006239470892868329
0.006239470892868329
0.008319294523824438
0.008319294523824438
0.006239470892868329
0.008319294523824438
0.006239470892868329
0.006239470892868329
0.008319294523824438
0.004159647261912219
0.010399118154780548
0.006239470892868329
0.008319294523824438
0.006239470892868329
0.008319294523824438
0.006239470892868329
0.008319294523824438
0.008319294523824438
0.010399118154780548
0.008319294523824438
0.006239470892868329
0.008319294523824438
0.006239470892868329
0.008319294523824438
0.006239470892868329
0.008319294523824438
0.008319294523824438
0.008319294523824438
0.008319294523824438
0.008319294523824438
0.008319294523824438
0.006239470892868329
0.006239470892868329
0.008319294523824438
0.008319294523824438
0.006239470892868329
0.008319294523824438
0.008319294523824438
0.008319294523824438
0.008319294523824438
0.008319294523824438
0.008319294523824438
0.006239470892868329
0.008319294523824438
0.008319294523824438
0.006239470892868329
0.008319294523824438
0.006239470892868329
0.006239470892868329
0.010399118154780548
0.006239470892868329
0.006239470892868329
0.008319294523824438
0.006239470892868329
0.008319294523824438
0.008319294523824438
0.008319294523824438
0.006239470892868329
0.006239470892868329
0.008319294523824438
0.006239470892868329
0.006239470892868329
0.006239470892868329
0.006239470892868329
0.008319294523824438
0.008319294523824438
0.008319294523824438
0.008319294523824438
0.008319294523824438
0.008319294523824438
0.008319294523824438
0.010399118154780548
0.008319294523824438
0.006239470892868329
0.006239470892868329
0.006239470892868329
0.006239470892868329
0.008319294523824438
0.006239470892868329
0.008319294523824438
0.008319294523824438
0.008319294523824438
0.006239470892868329
0.008319294523824438
0.008319294523824438
0.008319294523824438
0.008319294523824438
0.008319294523824438
0.010399118154780548
0.010399118154780548
0.008319294523824438
0.008319294523824438
0.010399118154780548
0.008319294523824438
0.008319294523824438
0.008319294523824438
0.006239470892868329
0.008319294523824438
0.008319294523824438
0.008319294523824438
0.008319294523824438
0.008319294523824438
0.008319294523824438
0.008319294523824438
0.008319294523824438
0.006239470892868329
0.006239470892868329
0.006239470892868329
0.006239470892868329
0.006239470892868329
0.006239470892868329
0.006239470892868329
0.006239470892868329
0.006239470892868329
0.006239470892868329
0.006239470892868329
0.004159647261912219
0.008319294523824438
0.006239470892868329
0.006239470892868329
0.006239470892868329
0.006239470892868329
0.006239470892868329
0.006239470892868329
0.006239470892868329
0.006239470892868329
0.006239470892868329
0.010399118154780548
0.004159647261912219
0.006239470892868329
0.006239470892868329
0.006239470892868329
0.008319294523824438
0.006239470892868329
0.006239470892868329
0.006239470892868329
0.008319294523824438
0.006239470892868329
0.004159647261912219
0.006239470892868329
0.006239470892868329
0.004159647261912219
0.006239470892868329
0.006239470892868329
0.006239470892868329
0.008319294523824438
0.008319294523824438
0.006239470892868329
0.006239470892868329
0.006239470892868329
0.006239470892868329
0.004159647261912219
0.006239470892868329
0.006239470892868329
0.006239470892868329
0.006239470892868329
0.006239470892868329
0.006239470892868329
0.006239470892868329
0.006239470892868329
0.006239470892868329
0.006239470892868329
0.006239470892868329
0.008319294523824438
0.006239470892868329
0.008319294523824438
0.004159647261912219
0.006239470892868329
0.004159647261912219
0.004159647261912219
0.006239470892868329
0.008319294523824438
0.004159647261912219
0.006239470892868329
0.006239470892868329
0.006239470892868329
0.006239470892868329
0.006239470892868329
0.006239470892868329
0.006239470892868329
0.006239470892868329
0.008319294523824438
0.006239470892868329
0.006239470892868329
0.008319294523824438
0.004159647261912219
0.004159647261912219
0.004159647261912219
0.006239470892868329
0.008319294523824438
0.004159647261912219
0.0020798236309561096
0.0020798236309561096
0.0020798236309561096
0.0020798236309561096
0.0020798236309561096
0.0020798236309561096
0.0020798236309561096
0.0
0.0020798236309561096
0.0020798236309561096
0.0
0.0020798236309561096
0.0020798236309561096
0.0020798236309561096
0.0020798236309561096
0.0020798236309561096
0.0020798236309561096
0.0
0.0020798236309561096
0.0020798236309561096
0.0020798236309561096
0.0
0.0020798236309561096
0.0020798236309561096
0.0020798236309561096
0.0
0.0020798236309561096
0.0
0.0020798236309561096
0.0
0.0
0.0
0.0020798236309561096
0.0
0.0020798236309561096
0.0020798236309561096
0.0020798236309561096
0.0
0.0
0.0020798236309561096
0.0
0.004159647261912219
0.0
0.0
0.004159647261912219
0.0020798236309561096
0.0020798236309561096
0.0
0.0
0.004159647261912219
0.0
0.0020798236309561096
0.0020798236309561096
0.0
0.0
0.0
0.0
0.0
0.0
0.0
0.0020798236309561096
0.0020798236309561096
0.0020798236309561096
0.0020798236309561096
0.0
0.0020798236309561096
0.0
0.0020798236309561096
0.0020798236309561096
0.0
0.0020798236309561096
0.0020798236309561096
0.0
0.0020798236309561096
0.0020798236309561096
0.0
0.0020798236309561096
0.0020798236309561096
0.0020798236309561096
0.0020798236309561096
0.0
0.0
0.0020798236309561096
0.0020798236309561096
0.0
0.0020798236309561096
0.0
0.006239470892868329
0.0020798236309561096
0.0
0.0020798236309561096
0.0020798236309561096
0.0
0.0
0.0020798236309561096
0.0020798236309561096
0.0
0.0020798236309561096
0.0
0.0
0.0
0.0020798236309561096
0.004159647261912219
0.0
0.0
0.0020798236309561096
0.0
0.0
0.0020798236309561096
0.0020798236309561096
0.0
0.0
0.004159647261912219
0.0020798236309561096
0.0020798236309561096
0.0
0.0
0.0020798236309561096
0.0
0.0
0.0
0.0
0.0
0.0
0.0
0.0
0.0
0.0020798236309561096
0.0
0.0
0.0020798236309561096
0.0
0.0
0.0
0.0020798236309561096
0.0020798236309561096
0.0
0.0
0.0020798236309561096
0.0
0.0
0.0
0.0020798236309561096
0.0
0.004159647261912219
0.0020798236309561096
0.0020798236309561096
0.0
0.0
0.0020798236309561096
0.0
0.0020798236309561096
0.0
0.0
0.0020798236309561096
0.0020798236309561096
0.0020798236309561096
0.0020798236309561096
0.0
0.0
0.0
0.0020798236309561096
0.0020798236309561096
0.0020798236309561096
0.0020798236309561096
0.0
0.0020798236309561096
0.0
0.0
0.0
0.0
0.0020798236309561096
0.0020798236309561096
0.004159647261912219
0.0020798236309561096
0.0
0.0020798236309561096
0.0020798236309561096
0.0020798236309561096
0.0
0.0020798236309561096
0.0020798236309561096
0.004159647261912219
0.0020798236309561096
0.0020798236309561096
0.0020798236309561096
0.0
0.0020798236309561096
0.0
0.0020798236309561096
0.0020798236309561096
0.0
0.0020798236309561096
0.0020798236309561096
0.0020798236309561096
0.0020798236309561096
0.0020798236309561096
0.0020798236309561096
0.0020798236309561096
0.0
0.0
0.0020798236309561096
0.0020798236309561096
0.004159647261912219
0.0020798236309561096
0.0020798236309561096
0.0020798236309561096
0.0020798236309561096
0.0020798236309561096
0.0
0.0
0.0020798236309561096
0.0020798236309561096
0.0
0.0020798236309561096
0.0020798236309561096
0.0
0.0020798236309561096
0.0020798236309561096
0.0
0.0
0.0
0.0020798236309561096
0.0
0.0020798236309561096
0.0020798236309561096
0.0020798236309561096
0.0
0.0020798236309561096
0.0
0.0
0.0020798236309561096
0.0
0.0
0.0020798236309561096
0.0020798236309561096
0.0
0.0020798236309561096
0.0
0.0020798236309561096
0.0020798236309561096
0.0
0.0
0.0020798236309561096
0.0020798236309561096
0.0020798236309561096
0.004159647261912219
0.0020798236309561096
0.0020798236309561096
0.0020798236309561096
0.0020798236309561096
0.004159647261912219
0.0020798236309561096
0.0020798236309561096
0.0
0.0
0.0020798236309561096
0.0
0.004159647261912219
0.0020798236309561096
0.0
0.0020798236309561096
0.0
0.0
0.0
0.0
0.0020798236309561096
0.0
0.0020798236309561096
0.0020798236309561096
0.0020798236309561096
0.0
0.0
0.0020798236309561096
0.0
0.0
0.0020798236309561096
0.0
0.0020798236309561096
0.0
0.0020798236309561096
0.0
0.0
0.0
0.004159647261912219
0.0
0.0
0.0020798236309561096
0.0
0.0
0.0
0.0020798236309561096
0.0020798236309561096
0.0020798236309561096
0.0020798236309561096
0.0
0.0
0.0020798236309561096
0.0
0.0020798236309561096
0.0020798236309561096
0.0020798236309561096
0.0020798236309561096
0.0020798236309561096
0.0
0.0
0.0020798236309561096
0.0020798236309561096
0.0
0.0020798236309561096
0.0020798236309561096
0.0
0.0
0.0
0.0020798236309561096
0.0020798236309561096
0.0
0.0020798236309561096
0.0
0.0020798236309561096
0.0
0.0020798236309561096
0.0020798236309561096
0.0020798236309561096
0.0020798236309561096
0.0020798236309561096
0.0020798236309561096
0.0020798236309561096
0.0020798236309561096
0.0
0.0
0.0
0.0020798236309561096
0.0
0.0020798236309561096
0.0020798236309561096
0.0
0.0
0.0020798236309561096
0.0
0.0020798236309561096
0.0020798236309561096
0.0020798236309561096
0.0
0.0
0.0
0.0
0.0020798236309561096
0.0
0.0
0.0020798236309561096
0.0
0.0
0.0020798236309561096
0.0020798236309561096
0.0
0.0020798236309561096
0.0
0.0020798236309561096
0.0020798236309561096
0.0020798236309561096
0.0
0.0
0.0020798236309561096
0.0020798236309561096
0.0
0.0020798236309561096
0.0
0.0020798236309561096
0.0020798236309561096
0.0020798236309561096
0.0020798236309561096
0.0020798236309561096
0.0020798236309561096
0.0020798236309561096
0.0020798236309561096
0.0020798236309561096
0.0020798236309561096
0.004159647261912219
0.0020798236309561096
0.0020798236309561096
0.0
0.0020798236309561096
0.0
0.0020798236309561096
0.0020798236309561096
0.0020798236309561096
0.0
0.0020798236309561096
0.0020798236309561096
0.0020798236309561096
0.0020798236309561096
0.0020798236309561096
0.0
0.0
0.0020798236309561096
0.0020798236309561096
0.0
0.0
0.0020798236309561096
0.0
0.0020798236309561096
0.0
0.0020798236309561096
0.0
0.0020798236309561096
0.0020798236309561096
0.0
0.0020798236309561096
0.0020798236309561096
0.0020798236309561096
0.0020798236309561096
0.0
0.0
0.0020798236309561096
0.0020798236309561096
0.0
0.0
0.0
0.0020798236309561096
0.0
0.0020798236309561096
0.0
0.0
0.0020798236309561096
0.0
0.0020798236309561096
0.0020798236309561096
0.0
0.004159647261912219
0.0020798236309561096
0.0
0.0020798236309561096
0.0020798236309561096
0.0
0.0
0.0
0.0020798236309561096
0.004159647261912219
0.0
0.0020798236309561096
0.0
0.0
0.0
0.0
0.0020798236309561096
0.0
0.0
0.0020798236309561096
0.0
0.0
0.0020798236309561096
0.0020798236309561096
0.0020798236309561096
0.0
0.0
0.0020798236309561096
0.0020798236309561096
0.0020798236309561096
0.0
0.0020798236309561096
0.0
0.0
0.0
0.004159647261912219
0.0020798236309561096
0.0020798236309561096
0.0020798236309561096
0.0
0.0
0.0020798236309561096
0.0
0.0020798236309561096
0.0
0.0
0.0020798236309561096
0.0020798236309561096
0.0
0.0
0.0
0.0020798236309561096
0.0
0.0020798236309561096
0.0
0.0020798236309561096
0.0
0.0
0.0020798236309561096
0.0020798236309561096
0.0020798236309561096
0.0
0.0020798236309561096
0.004159647261912219
0.0020798236309561096
0.0020798236309561096
0.0
0.0020798236309561096
0.0
0.0020798236309561096
0.0
0.0
0.0
0.0
0.0
0.0020798236309561096
0.0020798236309561096
0.0020798236309561096
0.0020798236309561096
0.0020798236309561096
0.0020798236309561096
0.0020798236309561096
0.0020798236309561096
0.0
0.0
0.0020798236309561096
0.0
0.0020798236309561096
0.0020798236309561096
0.0
0.0
0.0
0.0020798236309561096
0.0020798236309561096
0.0
0.004159647261912219
0.0
0.0
0.0
0.0020798236309561096
0.0
0.0020798236309561096
0.0
0.0
0.0020798236309561096
0.0
0.0020798236309561096
0.0
0.0020798236309561096
0.0020798236309561096
0.0020798236309561096
0.0020798236309561096
0.0
0.0020798236309561096
0.0020798236309561096
0.0020798236309561096
0.0020798236309561096
0.0
0.0
0.0020798236309561096
0.0020798236309561096
0.0
0.0
0.0
0.0
0.0020798236309561096
0.0020798236309561096
0.0020798236309561096
0.0
0.0020798236309561096
0.0
0.0
0.0
0.0
0.0020798236309561096
0.0
0.0020798236309561096
0.0
0.0
0.0020798236309561096
0.0020798236309561096
0.0
0.0
0.0
0.0
0.0
0.0020798236309561096
0.0020798236309561096
0.0020798236309561096
0.0020798236309561096
0.0020798236309561096
0.004159647261912219
0.0020798236309561096
0.0020798236309561096
0.0
0.0020798236309561096
0.0020798236309561096
0.0020798236309561096
0.0
0.0
0.0020798236309561096
0.0020798236309561096
0.0020798236309561096
0.0020798236309561096
0.0
0.0020798236309561096
0.0020798236309561096
0.0
0.0020798236309561096
0.0020798236309561096
0.0
0.0
0.0020798236309561096
0.0020798236309561096
0.0
0.0020798236309561096
0.0020798236309561096
0.0020798236309561096
0.0
0.0
0.0020798236309561096
0.0020798236309561096
0.0
0.0020798236309561096
0.0020798236309561096
0.0
0.0
0.0020798236309561096
0.004159647261912219
0.0020798236309561096
0.0
0.0
0.0020798236309561096
0.0020798236309561096
0.0020798236309561096
0.0
0.0020798236309561096
0.0020798236309561096
0.0020798236309561096
0.0020798236309561096
0.0020798236309561096
0.0
0.0020798236309561096
0.0020798236309561096
0.0020798236309561096
0.0
0.0
0.0020798236309561096
0.0020798236309561096
0.0020798236309561096
0.0
0.0020798236309561096
0.0
0.0
0.0020798236309561096
0.0
0.0020798236309561096
0.0
0.0
0.0020798236309561096
0.0020798236309561096
0.0020798236309561096
0.0020798236309561096
0.0020798236309561096
0.0020798236309561096
0.004159647261912219
0.0
0.0020798236309561096
0.008319294523824438
0.0
0.0020798236309561096
0.0020798236309561096
0.0
0.0
0.0020798236309561096
0.0
0.0
0.0020798236309561096
0.0020798236309561096
0.0020798236309561096
0.0020798236309561096
0.0
0.0020798236309561096
0.0020798236309561096
0.0020798236309561096
0.0
0.0
0.0
0.0020798236309561096
0.0020798236309561096
0.0020798236309561096
0.0
0.0020798236309561096
0.0020798236309561096
0.0
0.0020798236309561096
0.0020798236309561096
0.0020798236309561096
0.0020798236309561096
0.0
0.0020798236309561096
0.0020798236309561096
0.0020798236309561096
0.0
0.0020798236309561096
0.0020798236309561096
0.0
0.0020798236309561096
0.0
0.0020798236309561096
0.0020798236309561096
0.0
0.0
0.004159647261912219
0.0
0.0020798236309561096
0.0
0.0020798236309561096
0.0
0.0020798236309561096
0.0
0.0020798236309561096
0.0020798236309561096
0.0020798236309561096
0.0020798236309561096
0.0020798236309561096
0.0020798236309561096
0.0
0.0020798236309561096
0.0
0.0020798236309561096
0.0020798236309561096
0.0
0.0
0.0
0.0
0.0020798236309561096
0.0020798236309561096
0.0
0.0
0.0020798236309561096
0.0020798236309561096
0.0020798236309561096
0.0
0.0020798236309561096
0.0
0.0
0.0020798236309561096
0.0020798236309561096
0.0020798236309561096
0.0020798236309561096
0.0020798236309561096
0.0
0.0020798236309561096
0.0020798236309561096
0.0020798236309561096
0.0
0.0020798236309561096
0.0
0.0020798236309561096
0.0020798236309561096
0.0020798236309561096
0.0020798236309561096
0.0
0.0020798236309561096
0.0020798236309561096
0.0020798236309561096
0.0
0.0020798236309561096
0.0020798236309561096
0.0020798236309561096
0.0020798236309561096
0.0
0.0020798236309561096
0.0
0.0020798236309561096
0.0020798236309561096
0.0020798236309561096
0.0
0.0020798236309561096
0.0020798236309561096
0.0020798236309561096
0.0020798236309561096
0.0
0.0
0.0020798236309561096
0.0020798236309561096
0.0020798236309561096
0.0
0.0020798236309561096
0.0
0.0020798236309561096
0.0020798236309561096
0.0020798236309561096
0.0
0.0020798236309561096
0.0020798236309561096
0.0020798236309561096
0.0
0.0020798236309561096
0.0020798236309561096
0.0020798236309561096
0.0020798236309561096
0.0020798236309561096
0.0020798236309561096
0.0
0.0020798236309561096
0.004159647261912219
0.0020798236309561096
0.0020798236309561096
0.0020798236309561096
0.0020798236309561096
0.0
0.0020798236309561096
0.0020798236309561096
0.0020798236309561096
0.0020798236309561096
0.0020798236309561096
0.0020798236309561096
0.0020798236309561096
0.0020798236309561096
0.0020798236309561096
0.0020798236309561096
0.0020798236309561096
0.0020798236309561096
0.0020798236309561096
0.0020798236309561096
0.0020798236309561096
0.0020798236309561096
0.0020798236309561096
0.0020798236309561096
0.0020798236309561096
0.0020798236309561096
0.0020798236309561096
0.0020798236309561096
0.0
0.0020798236309561096
0.0020798236309561096
0.0020798236309561096
0.0020798236309561096
0.0020798236309561096
0.0020798236309561096
0.0
0.0020798236309561096
0.0020798236309561096
0.004159647261912219
0.004159647261912219
0.0020798236309561096
0.004159647261912219
0.0020798236309561096
0.0020798236309561096
0.0020798236309561096
0.004159647261912219
0.004159647261912219
0.004159647261912219
0.004159647261912219
0.006239470892868329
0.004159647261912219
0.006239470892868329
0.006239470892868329
0.006239470892868329
0.006239470892868329
0.006239470892868329
0.006239470892868329
0.006239470892868329
0.006239470892868329
0.006239470892868329
0.006239470892868329
0.006239470892868329
0.006239470892868329
0.006239470892868329
0.006239470892868329
0.006239470892868329
0.006239470892868329
0.008319294523824438
0.008319294523824438
0.008319294523824438
0.008319294523824438
0.008319294523824438
0.006239470892868329
0.008319294523824438
0.008319294523824438
0.008319294523824438
0.010399118154780548
0.008319294523824438
0.008319294523824438
0.008319294523824438
0.010399118154780548
0.010399118154780548
0.008319294523824438
0.010399118154780548
0.010399118154780548
0.010399118154780548
0.010399118154780548
0.008319294523824438
0.010399118154780548
0.012478941785736658
0.008319294523824438
0.012478941785736658
0.012478941785736658
0.010399118154780548
0.012478941785736658
0.016638589047648877
0.016638589047648877
0.016638589047648877
0.016638589047648877
0.01871841267860499
0.016638589047648877
0.01871841267860499
0.016638589047648877
0.01871841267860499
0.01871841267860499
0.016638589047648877
0.016638589047648877
0.01871841267860499
0.020798236309561097
0.02287805994051721
0.024957883571473317
0.020798236309561097
0.020798236309561097
0.02287805994051721
0.02287805994051721
0.02703770720242943
0.02287805994051721
0.024957883571473317
0.02287805994051721
0.02703770720242943
0.024957883571473317
0.02703770720242943
0.029117530833385533
0.02703770720242943
0.031197354464341645
0.029117530833385533
0.029117530833385533
0.031197354464341645
0.029117530833385533
0.031197354464341645
0.03327717809529775
0.03327717809529775
0.03535700172625386
0.03743682535720998
0.039516648988166085
0.039516648988166085
0.04159647261912219
0.04159647261912219
0.0436762962500783
0.0436762962500783
0.0436762962500783
0.04575611988103442
0.047835943511990525
0.04575611988103442
0.0436762962500783
0.0436762962500783
0.04575611988103442
0.0436762962500783
0.04575611988103442
0.04575611988103442
0.047835943511990525
0.049915767142946633
0.049915767142946633
0.049915767142946633
0.05407541440485886
0.05199559077390274
0.05407541440485886
0.049915767142946633
0.056155238035814965
0.056155238035814965
0.05199559077390274
0.05199559077390274
0.060314885297727175
0.05823506166677107
0.056155238035814965
0.060314885297727175
0.0644745325596394
0.0644745325596394
0.06863417982155162
0.0644745325596394
0.07071400345250772
0.07279382708346384
0.07071400345250772
0.07071400345250772
0.07071400345250772
0.06863417982155162
0.06863417982155162
0.07071400345250772
0.07071400345250772
0.06863417982155162
0.06863417982155162
0.07071400345250772
0.06863417982155162
0.07071400345250772
0.07903329797633217
0.08111312160728827
0.07903329797633217
0.08527276886920049
0.08527276886920049
0.07903329797633217
0.0873525925001566
0.08319294523824439
0.08319294523824439
0.08527276886920049
0.08319294523824439
0.0873525925001566
0.0873525925001566
0.0894324161311127
0.09151223976206883
0.09151223976206883
0.09359206339302494
0.09567188702398105
0.09359206339302494
0.09359206339302494
0.09151223976206883
0.09359206339302494
0.0894324161311127
0.09359206339302494
0.09359206339302494
0.09359206339302494
0.09359206339302494
0.09151223976206883
0.09151223976206883
0.09359206339302494
0.09775171065493715
0.09567188702398105
0.09359206339302494
0.09359206339302494
0.09567188702398105
0.09775171065493715
0.09567188702398105
0.09359206339302494
0.09567188702398105
0.09983153428589327
0.09983153428589327
0.09775171065493715
0.09775171065493715
0.09775171065493715
0.09359206339302494
0.09567188702398105
0.09775171065493715
0.09775171065493715
0.09567188702398105
0.09567188702398105
0.09359206339302494
0.0894324161311127
0.09151223976206883
0.09567188702398105
0.09359206339302494
0.09151223976206883
0.09359206339302494
0.09359206339302494
0.09151223976206883
0.09151223976206883
0.09151223976206883
0.09359206339302494
0.09359206339302494
0.09775171065493715
0.09775171065493715
0.09359206339302494
0.09775171065493715
0.09983153428589327
0.10399118154780548
0.10191135791684937
0.10191135791684937
0.10399118154780548
0.10191135791684937
0.10191135791684937
0.10191135791684937
0.10191135791684937
0.10399118154780548
0.10191135791684937
0.09983153428589327
0.10399118154780548
0.10191135791684937
0.10191135791684937
0.10399118154780548
0.11023065244067382
0.10607100517876158
0.10607100517876158
0.10607100517876158
0.10191135791684937
0.10607100517876158
0.10399118154780548
0.10815082880971771
0.10607100517876158
0.10815082880971771
0.10815082880971771
0.10815082880971771
0.11231047607162993
0.11023065244067382
0.10815082880971771
0.10607100517876158
0.10815082880971771
0.10815082880971771
0.10815082880971771
0.10815082880971771
0.11023065244067382
0.11023065244067382
0.11231047607162993
0.11023065244067382
0.11023065244067382
0.11023065244067382
0.11647012333354213
0.11231047607162993
0.11647012333354213
0.11439029970258603
0.11647012333354213
0.12062977059545435
0.11854994696449825
0.14142800690501545
0.13518853601214711
0.12270959422641046
0.12270959422641046
0.14766747779788378
0.15598677232170824
0.15598677232170824
0.14558765416692768
0.133108712381191
0.12686924148832268
0.1289490651192788
0.13518853601214711
0.13934818327405935
0.15390694869075214
0.14558765416692768
0.16638589047648877
0.16014641958362044
0.16638589047648877
0.16014641958362044
0.16638589047648877
0.16638589047648877
0.16638589047648877
0.1726253613693571
0.17054553773840098
0.17054553773840098
0.1747051850003132
0.1747051850003132
0.1747051850003132
0.1747051850003132
0.1747051850003132
0.1747051850003132
0.1788648322622254
0.1747051850003132
0.16222624321457654
0.1497473014288399
0.14350783053597155
0.1497473014288399
0.151827125059796
0.14350783053597155
0.16014641958362044
0.16014641958362044
0.15806659595266434
0.1788648322622254
0.1767850086312693
0.1788648322622254
0.18302447952413767
0.1788648322622254
0.1747051850003132
0.18094465589318154
0.18094465589318154
0.18094465589318154
0.18302447952413767
0.18302447952413767
0.18302447952413767
0.18302447952413767
0.1788648322622254
0.1788648322622254
0.18302447952413767
0.1767850086312693
0.1767850086312693
0.18510430315509377
0.18094465589318154
0.18718412678604987
0.1913437740479621
0.18718412678604987
0.189263950417006
0.18718412678604987
0.18718412678604987
0.18718412678604987
0.18094465589318154
0.1788648322622254
0.18510430315509377
0.189263950417006
0.18718412678604987
0.18718412678604987
0.189263950417006
0.189263950417006
0.189263950417006
0.18718412678604987
0.18510430315509377
0.18718412678604987
0.18718412678604987
0.189263950417006
0.18718412678604987
0.18510430315509377
0.18718412678604987
0.18302447952413767
0.18718412678604987
0.18302447952413767
0.18718412678604987
0.1913437740479621
0.1934235976789182
0.1934235976789182
0.1955034213098743
0.189263950417006
0.1934235976789182
0.1955034213098743
0.1913437740479621
0.1934235976789182
0.1955034213098743
0.1934235976789182
0.1913437740479621
0.1913437740479621
0.1955034213098743
0.1975832449408304
0.1955034213098743
0.1955034213098743
0.1975832449408304
0.1955034213098743
0.1955034213098743
0.19966306857178653
0.1955034213098743
0.19966306857178653
0.1955034213098743
0.1975832449408304
0.1955034213098743
0.1955034213098743
0.1975832449408304
0.1975832449408304
0.19966306857178653
0.1975832449408304
0.19966306857178653
0.19966306857178653
0.19966306857178653
0.20174289220274264
0.20174289220274264
0.1975832449408304
0.20174289220274264
0.20174289220274264
0.20174289220274264
0.20590253946465484
0.20590253946465484
0.20382271583369874
0.20590253946465484
0.21006218672656707
0.21214201035752317
0.20382271583369874
0.20590253946465484
0.20382271583369874
0.20798236309561097
0.20382271583369874
0.20590253946465484
0.21214201035752317
0.21006218672656707
0.21422183398847927
0.21006218672656707
0.21422183398847927
0.21006218672656707
0.21630165761943543
0.21006218672656707
0.21214201035752317
0.21006218672656707
0.21422183398847927
0.21422183398847927
0.20174289220274264
0.21422183398847927
0.21630165761943543
0.21838148125039153
0.20382271583369874
0.21214201035752317
0.21006218672656707
0.21214201035752317
0.20382271583369874
0.21422183398847927
0.21006218672656707
0.20798236309561097
0.21630165761943543
0.20590253946465484
0.21006218672656707
0.1934235976789182
0.1955034213098743
0.1955034213098743
0.1934235976789182
0.18510430315509377
0.1913437740479621
0.19966306857178653
0.20590253946465484
0.20798236309561097
0.21006218672656707
0.21214201035752317
0.20382271583369874
0.21006218672656707
0.21006218672656707
0.21006218672656707
0.21214201035752317
0.20798236309561097
0.21214201035752317
0.21006218672656707
0.20798236309561097
0.21006218672656707
0.21422183398847927
0.21630165761943543
0.21630165761943543
0.21838148125039153
0.21838148125039153
0.22254112851230373
0.22462095214325986
0.22670077577421596
0.21838148125039153
0.22254112851230373
0.1913437740479621
0.2350200702980404
0.22254112851230373
0.20382271583369874
0.24749901208377703
0.25165865934568926
0.25165865934568926
0.2578981302385576
0.2599779538695137
0.2412595411909087
0.23086042303612817
0.24541918845282093
0.22046130488134763
0.20590253946465484
0.20382271583369874
0.20382271583369874
0.20174289220274264
0.21006218672656707
0.23294024666708427
0.23086042303612817
0.21214201035752317
0.2641376011314259
0.21630165761943543
0.21006218672656707
0.23294024666708427
0.2578981302385576
0.22254112851230373
0.2370998939289965
0.2578981302385576
0.25373848297664536
0.2620577775004698
0.20798236309561097
0.2599779538695137
0.2599779538695137
0.2558183066076015
0.22462095214325986
0.22254112851230373
0.2641376011314259
0.25165865934568926
0.2391797175599526
0.24541918845282093
0.2641376011314259
0.2620577775004698
0.2578981302385576
0.2641376011314259
0.2578981302385576
0.2558183066076015
0.20590253946465484
0.2412595411909087
0.2620577775004698
0.2578981302385576
0.2599779538695137
0.2391797175599526
0.25165865934568926
0.22046130488134763
0.25165865934568926
0.2599779538695137
0.2558183066076015
0.20174289220274264
0.2391797175599526
0.20590253946465484
0.2350200702980404
0.24957883571473316
0.24749901208377703
0.2370998939289965
0.24333936482186483
0.24541918845282093
0.2412595411909087
0.21838148125039153
0.20382271583369874
0.23294024666708427
0.24541918845282093
0.24957883571473316
0.24541918845282093
0.2350200702980404
0.25165865934568926
0.22462095214325986
0.25165865934568926
0.2578981302385576
0.2558183066076015
0.2558183066076015
0.25165865934568926
0.24749901208377703
0.24957883571473316
0.24749901208377703
0.24541918845282093
0.25165865934568926
0.24957883571473316
0.24749901208377703
0.25165865934568926
0.25165865934568926
0.25165865934568926
0.2558183066076015
0.2578981302385576
0.2578981302385576
0.2558183066076015
0.25165865934568926
0.24749901208377703
0.25165865934568926
0.25373848297664536
0.24957883571473316
0.25373848297664536
0.25373848297664536
0.24957883571473316
0.25373848297664536
0.25373848297664536
0.2558183066076015
0.24749901208377703
0.24749901208377703
0.22254112851230373
0.1913437740479621
0.25165865934568926
0.24749901208377703
0.24957883571473316
0.25165865934568926
0.24957883571473316
0.25373848297664536
0.25373848297664536
0.25373848297664536
0.25373848297664536
0.25373848297664536
0.25165865934568926
0.25373848297664536
0.2558183066076015
0.24957883571473316
0.25373848297664536
0.2558183066076015
0.25373848297664536
0.25373848297664536
0.2578981302385576
0.25373848297664536
0.25373848297664536
0.25165865934568926
0.2578981302385576
0.25373848297664536
0.24957883571473316
0.25165865934568926
0.25165865934568926
0.25165865934568926
0.25373848297664536
0.25373848297664536
0.25165865934568926
0.2558183066076015
0.25373848297664536
0.25165865934568926
0.2558183066076015
0.10339542254435945
0.10287584755669935
0.10287584755669935
0.10339542254435945
0.04000727404982752
0.04000727404982752
0.04000727404982752
0.04000727404982752
0.04052684903748763
0.04052684903748763
0.04052684903748763
0.04052684903748763
0.04104642402514772
0.04104642402514772
0.04104642402514772
0.04104642402514772
0.04104642402514772
0.04208557400046791
0.04208557400046791
0.043124723975788114
0.04364429896344821
0.0441638739511083
0.04468344893876841
0.0457225989140886
0.046761748889408795
0.0472813238770689
0.046761748889408795
0.046242173901748694
0.046761748889408795
0.0472813238770689
0.046761748889408795
0.046761748889408795
0.04935962382770929
0.04884004884004919
0.051957498766009774
0.060790273556231435
0.061309848543891536
0.053516223728990064
0.059231548593251145
0.062348998519211725
0.062348998519211725
0.054035798716650166
0.05871197360559104
0.051957498766009774
0.055594523679630456
0.06494687345751221
0.06494687345751221
0.06598602343283241
0.06650559842049251
0.06494687345751221
0.06806432338347279
0.0685838983711329
0.0675447483958127
0.06910347335879301
0.0696230483464531
0.06910347335879301
0.0696230483464531
0.06910347335879301
0.0670251734081526
0.0696230483464531
0.06546644844517231
0.06650559842049251
0.0696230483464531
0.0701426233341132
0.07066219832177328
0.0696230483464531
0.0670251734081526
0.059231548593251145
0.07118177330943339
0.07222092328475357
0.07170134829709349
0.07274049827241369
0.07326007326007379
0.06806432338347279
0.06027069856857133
0.07481879822305407
0.07533837321071417
0.07533837321071417
0.07481879822305407
0.07585794819837427
0.07533837321071417
0.06910347335879301
0.07533837321071417
0.07585794819837427
0.07585794819837427
0.07637752318603436
0.07585794819837427
0.07637752318603436
0.07585794819837427
0.07533837321071417
0.07481879822305407
0.07377964824773388
0.06910347335879301
0.05975112358091124
0.05819239861793094
0.05663367365495065
0.05455537370431026
0.054035798716650166
0.053516223728990064
0.05507494869197036
0.05715324864261075
0.06546644844517231
0.0670251734081526
0.060790273556231435
0.06598602343283241
0.06910347335879301
0.07326007326007379
0.07222092328475357
0.07326007326007379
0.0701426233341132
0.06546644844517231
0.05975112358091124
0.05663367365495065
0.05507494869197036
0.05455537370431026
0.053516223728990064
0.05455537370431026
0.054035798716650166
0.054035798716650166
0.05455537370431026
0.05507494869197036
0.05663367365495065
0.05819239861793094
0.0696230483464531
0.07066219832177328
0.0675447483958127
0.07066219832177328
0.07118177330943339
0.07585794819837427
0.07897539812433485
0.07585794819837427
0.07949497311199495
0.08780817291455652
0.0883277479022166
0.08988647286519691
0.0919647728158373
0.08365157301327573
0.08417114800093582
0.08728859792689642
0.0883277479022166
0.08572987296391613
0.08469072298859592
0.08417114800093582
0.08365157301327573
0.08313199802561563
0.08209284805029544
0.08157327306263534
0.08261242303795555
0.07949497311199495
0.07793624814901466
0.07689709817369447
0.07585794819837427
0.07533837321071417
0.08417114800093582
0.08936689787753682
0.07585794819837427
0.07585794819837427
0.07481879822305407
0.08624944795157623
0.07845582313667476
0.07066219832177328
0.0696230483464531
0.0701426233341132
0.0696230483464531
0.0701426233341132
0.0701426233341132
0.0696230483464531
0.06910347335879301
0.06806432338347279
0.0685838983711329
0.06910347335879301
0.0701426233341132
0.08417114800093582
0.07689709817369447
0.07170134829709349
0.07170134829709349
0.07170134829709349
0.07118177330943339
0.07118177330943339
0.07066219832177328
0.07066219832177328
0.07066219832177328
0.0701426233341132
0.0701426233341132
0.0701426233341132
0.0696230483464531
0.06910347335879301
0.0685838983711329
0.0685838983711329
0.0914451978281772
0.06806432338347279
0.06546644844517231
0.06442729846985212
0.07170134829709349
0.07845582313667476
0.06650559842049251
0.06442729846985212
