0.2493959940768469
0.24368066921258583
0.10599329748265994
0.10599329748265994
0.10651287247032004
0.10859117242096042
0.10495414750733974
0.10651287247032004
0.10859117242096042
0.11170862234692101
0.10859117242096042
0.10651287247032004
0.11118904735926091
0.11014989738394072
0.11222819733458111
0.1143064972852215
0.11638479723586188
0.11690437222352199
0.11742394721118209
0.12002182214948258
0.12210012210012296
0.12573714701374364
0.12417842205076336
0.12158054711246287
0.12210012210012296
0.12677629698906384
0.12469799703842345
0.12261969708778307
0.12677629698906384
0.12729587197672396
0.1402852466682264
0.14963759644610813
0.1652248460759111
0.15691164627334953
0.14652014652014758
0.1652248460759111
0.16730314602655147
0.14963759644610813
0.15223547138440863
0.1392460966929062
0.1387265217052461
0.17197932091549237
0.17457719585379283
0.17509677084145292
0.17873379575507364
0.17353804587847263
0.16990102096485193
0.17613592081677312
0.17197932091549237
0.17925337074273373
0.1782142207674135
0.1818512456810342
0.1828903956563544
0.1823708206686943
0.17925337074273373
0.18600784558231498
0.18704699555763518
0.16938144597719185
0.1875665705452953
0.18860572052061547
0.18964487049593567
0.1891252955082756
0.1823708206686943
0.1766554958044332
0.18496869560699478
0.19016444548359576
0.19224274543423614
0.19691892032317704
0.19328189540955634
0.19484062037253663
0.15535292131036924
0.19120359545891596
0.19120359545891596
0.19587977034785686
0.19899722027381742
0.19691892032317704
0.19847764528615733
0.19068402047125588
0.19432104538487655
0.19639934533551695
0.19795807029849724
0.19587977034785686
0.19432104538487655
0.19380147039721643
0.19172317044657605
0.19536019536019675
0.19276232042189625
0.19224274543423614
0.18652742056997507
0.15015717143376825
0.1532746213597288
0.14703972150780767
0.14340269659418697
0.14132439664354657
0.14080482165588648
0.14184397163120668
0.17925337074273373
0.14444184656950715
0.18600784558231498
0.16938144597719185
0.17717507079209333
0.18496869560699478
0.1891252955082756
0.18964487049593567
0.19328189540955634
0.19068402047125588
0.1782142207674135
0.1626269711376106
0.1579507962486697
0.15015717143376825
0.14392227158184706
0.14236354661886677
0.14548099654482738
0.14132439664354657
0.14236354661886677
0.14184397163120668
0.14340269659418697
0.15015717143376825
0.15015717143376825
0.17509677084145292
0.1891252955082756
0.1813316706933741
0.1802925207180539
0.1891252955082756
0.19639934533551695
0.19380147039721643
0.19795807029849724
0.1891252955082756
0.22341724469384203
0.21666276985426075
0.2260151196321425
0.2260151196321425
0.2052321201257386
0.2031538201750982
0.21042787000233956
0.22237809471852182
0.2052321201257386
0.19899722027381742
0.2015950952121179
0.20003637024913762
0.2005559452367977
0.19743849531083715
0.19328189540955634
0.19484062037253663
0.1891252955082756
0.18652742056997507
0.1802925207180539
0.17977294573039382
0.17925337074273373
0.19951679526147753
0.2052321201257386
0.20731042007637898
0.18860572052061547
0.19587977034785686
0.21926064479256122
0.18548827059465486
0.1802925207180539
0.17042059595251208
0.17353804587847263
0.17249889590315245
0.17457719585379283
0.17249889590315245
0.17197932091549237
0.17094017094017216
0.16834229600187164
0.17042059595251208
0.17094017094017216
0.17457719585379283
0.20107552022445782
0.21250616995297997
0.18496869560699478
0.17977294573039382
0.17405762086613275
0.17717507079209333
0.17353804587847263
0.17353804587847263
0.17457719585379283
0.17405762086613275
0.17613592081677312
0.17925337074273373
0.17925337074273373
0.17405762086613275
0.17249889590315245
0.17042059595251208
0.17094017094017216
0.19172317044657605
0.1891252955082756
0.1621073961499505
0.1626269711376106
0.1636661211129308
0.21094744498999968
0.17301847089081254
0.16574442106357118
0.0
0.0
0.0
0.0
